1820.67962766
1923.68881766
2052.73140766
2109.75286766
2237.84782766
2336.91623766
2433.96899766
2562.02757766
2693.06806766
2821.16302766
3007.24233766
3170.30566766
3267.35842766
3382.38536766
3510.48032766
3639.52291766
3795.62402766
3958.68735766
4071.77141766
4158.80344766
4261.81263766
4389.87121766
4517.92979766
4614.98255766
4730.00949766
4801.04660766
4915.08953766
5043.14811766
5140.20087766
5277.25978766
5392.28672766
5506.32965766
5593.36168766
5722.40427766
5853.44476766
5981.53972766
6094.62378766
6151.64524766
6250.71365766
6347.76641766
6533.84572766
6648.87266766
6745.92542766
6859.00948766
6988.05207766
7135.12048766
7263.17906766
7364.22674766
7461.27950766
7592.31999766
7778.39930766
7906.45788766
8007.50556766
8154.57397766
8269.60091766
8425.70202766
8522.75478766
8609.78681766
8740.82730766
8871.86779766
8942.90490766
9029.93693766
9126.98969766
9255.04827766
9352.10103766
9453.14871766
9582.19130766
9679.24406766
9807.30264766
9894.33467766
9991.38743766
10119.4823977
10222.4915877
10325.5007777
10438.5848377
10585.6532477
10642.6747077
10773.7151977
10870.7679577
11007.8268677
11106.8952777
11219.9793377
11351.0198277
11438.0518577
11624.1311677
11752.1897477
11880.2847077
12011.3251977
12125.3681277
12253.4267077
12367.4696377
12514.5380477
12615.5857277
12728.6697877
