999
199 426
67 711
474 120
543 393
746 785
1 870
62 52
986 196
344 408
297 329
302 171
310 761
114 185
154 842
715 752
660 450
81 182
268 896
254 441
17 43
79 39
293 499
6 19
742 414
735 754
897 515
797 250
295 251
947 795
863 755
386 664
888 7
11 233
218 289
90 64
927 675
371 661
678 269
497 729
127 225
745 347
332 438
332 102
134 817
90 367
803 378
118 629
15 458
495 878
35 634
321 435
255 348
658 351
730 157
218 242
250 108
12 10
64 192
348 411
886 355
492 517
346 916
955 101
63 400
15 614
128 127
626 35
149 79
140 168
610 192
68 131
497 442
487 743
280 478
70 230
707 425
644 10
705 208
172 972
22 78
648 311
577 231
533 47
342 572
376 71
172 116
8 39
920 401
298 633
9 2
207 393
798 233
550 751
918 201
75 680
287 395
981 828
422 726
846 416
925 211
473 326
549 371
73 576
388 717
710 561
583 361
95 209
429 910
96 83
136 479
750 79
97 136
327 167
119 786
960 796
69 165
44 386
753 628
253 413
49 24
973 358
142 181
811 605
594 424
891 53
550 643
71 69
36 732
469 995
231 273
624 935
380 72
784 69
41 42
223 145
65 364
796 536
773 838
150 755
145 907
734 220
599 933
69 234
266 324
412 304
722 205
101 9
266 636
91 406
281 712
591 361
815 127
134 293
6 158
56 227
270 231
794 170
720 600
475 683
862 429
336 200
81 706
21 760
466 441
490 424
687 509
24 17
39 640
237 673
430 667
2 34
22 540
97 414
678 802
21 298
65 88
24 469
494 231
959 186
24 423
175 210
61 296
503 204
76 38
190 926
148 20
512 344
164 204
915 95
59 132
22 1
257 225
928 464
405 68
171 32
175 95
106 85
128 496
39 316
351 864
85 161
150 166
48 3
358 820
317 126
184 176
432 391
277 186
52 125
397 653
345 843
657 343
836 390
846 869
84 609
312 323
768 518
435 487
899 897
126 389
946 246
98 119
14 83
96 126
847 898
671 40
35 21
718 383
384 341
232 767
552 401
194 879
30 27
713 831
792 852
199 41
270 647
317 511
57 4
987 814
252 697
55 73
156 55
17 23
263 71
408 884
451 355
796 974
782 552
646 421
574 222
744 400
261 6
353 160
297 109
98 470
38 105
146 237
548 471
931 242
44 40
606 957
19 590
338 79
394 971
24 442
341 381
688 680
282 809
47 334
331 173
65 55
299 342
109 22
328 698
40 10
589 270
214 241
6 87
253 288
300 21
36 659
41 518
791 621
36 605
780 524
311 727
52 613
696 237
253 191
735 80
985 257
152 369
283 31
14 249
740 839
99 97
190 226
471 536
988 55
293 463
92 9
95 100
111 167
291 262
74 111
54 81
79 352
13 252
979 477
378 805
203 164
141 9
623 299
598 589
388 330
828 810
222 391
877 494
2 186
553 556
450 122
624 246
806 485
691 416
705 775
755 993
551 414
8 52
460 15
700 406
379 15
75 305
2 504
292 277
86 80
420 968
923 535
359 276
872 643
500 155
83 531
236 87
25 121
402 92
213 168
256 507
97 6
314 822
203 771
690 187
246 190
309 290
426 560
306 229
143 468
976 931
170 284
363 314
253 280
196 108
315 465
814 188
510 9
545 515
742 769
545 913
961 571
58 47
601 308
179 318
889 454
41 983
708 816
129 163
568 90
855 579
849 501
967 161
61 22
578 63
825 516
951 233
282 355
392 397
188 144
25 120
417 198
693 590
110 975
168 529
20 82
576 823
664 829
176 592
72 10
668 941
247 219
564 15
217 448
4 1
113 60
17 1
200 271
206 215
991 677
199 303
765 680
419 146
343 186
434 237
85 840
238 41
273 275
942 718
5 47
49 55
827 893
37 26
857 628
118 694
239 206
409 708
209 344
335 37
621 96
586 76
523 602
773 106
173 807
445 142
403 333
476 274
235 401
444 37
147 541
110 174
876 647
152 48
508 911
122 276
895 658
16 340
440 546
642 514
81 180
212 326
192 731
1 2
137 197
84 248
937 685
274 137
312 43
176 676
360 7
892 963
437 964
70 595
148 315
245 68
8 740
126 844
390 627
9 139
56 218
247 813
212 258
565 445
781 688
584 286
35 383
162 126
27 618
277 385
32 801
179 73
183 163
585 362
787 486
446 20
70 93
396 210
154 285
140 459
290 416
25 19
329 969
293 532
896 950
56 63
300 929
54 64
19 164
26 11
337 77
121 217
43 124
98 18
32 41
110 575
10 793
539 174
14 747
297 333
826 280
251 311
404 305
462 997
202 195
377 88
902 825
301 866
663 3
256 105
301 86
470 611
3 135
277 527
516 485
307 164
422 393
254 152
271 319
166 358
544 321
595 790
651 138
424 351
520 350
10 28
102 777
554 198
151 603
8 573
587 101
862 900
766 438
274 506
505 157
212 723
650 551
398 183
779 363
320 349
767 998
409 69
562 2
116 662
649 756
122 746
482 104
555 59
228 180
25 860
619 376
662 917
290 345
528 101
148 357
214 420
374 538
903 294
475 266
66 425
134 88
251 153
378 81
372 337
81 123
129 645
243 804
282 299
27 5
155 116
837 587
304 686
348 418
402 513
544 685
244 127
567 134
187 569
177 187
865 275
91 525
542 532
526 505
489 675
457 530
819 574
654 8
50 19
699 638
268 943
98 133
70 38
377 537
582 218
139 140
395 934
294 449
140 874
652 333
559 396
952 500
871 351
581 497
821 331
110 62
173 155
236 904
108 50
203 430
232 689
956 795
77 145
27 95
783 114
938 893
431 949
112 77
682 615
3 8
674 662
172 436
696 792
64 354
421 134
738 220
101 216
255 268
477 464
887 727
354 679
502 27
212 99
374 161
84 641
17 74
79 558
553 908
912 713
475 824
544 724
70 457
118 92
10 8
864 930
84 81
266 484
205 146
433 277
492 227
304 115
160 153
236 882
330 875
39 279
867 305
330 763
220 508
19 191
45 142
570 499
493 91
129 259
152 597
89 37
467 7
362 921
3 2
990 601
563 228
314 443
145 725
999 80
599 406
59 272
632 66
48 224
872 954
29 2
669 28
146 122
437 73
307 356
808 299
914 399
713 585
444 488
262 932
191 208
684 656
762 515
2 14
789 263
145 390
847 387
502 851
116 221
328 91
342 571
471 101
320 835
1 5
265 93
901 108
596 45
428 62
104 170
194 164
38 114
3 13
407 353
20 178
535 416
298 859
498 495
9 56
497 617
368 163
586 677
21 32
761 996
399 748
514 193
66 4
193 211
891 936
138 96
848 801
54 220
454 89
620 86
164 714
703 646
255 25
122 61
1 15
81 85
695 389
668 250
394 161
310 104
72 116
264 76
913 965
523 638
290 127
381 481
7 54
704 137
43 154
407 672
6 51
321 178
764 310
231 155
649 545
953 67
772 261
812 110
20 143
229 169
557 380
359 453
637 16
399 77
266 187
264 341
362 894
29 91
130 150
104 92
883 140
90 219
365 209
288 370
410 31
606 132
314 122
509 417
318 346
616 389
126 240
286 350
649 715
607 9
984 401
68 22
2 59
885 99
355 681
251 758
59 69
7 18
232 62
989 950
199 922
36 46
748 834
347 77
523 197
833 350
854 513
115 113
992 622
112 243
151 30
190 1
98 519
669 948
234 588
491 43
3 6
774 618
23 169
458 480
534 296
795 421
194 320
385 982
45 94
206 205
515 333
449 612
440 242
702 428
45 102
88 464
208 622
167 325
219 294
12 80
962 110
257 600
303 701
580 349
556 692
456 199
442 776
666 490
553 513
741 919
608 343
2 269
739 651
130 51
60 29
176 5
127 101
856 873
235 220
461 832
495 299
332 856
501 90
173 728
940 186
117 98
944 540
427 76
310 810
697 757
853 419
582 655
11 67
196 721
818 794
53 137
4 719
155 382
159 98
107 105
196 625
890 760
375 293
639 315
74 77
10 392
2 7
387 212
23 31
195 44
75 63
308 222
141 144
440 737
452 91
485 10
247 604
521 253
228 593
405 945
958 909
749 702
200 120
262 105
19 214
861 647
177 21
742 939
21 1
282 101
45 147
499 550
267 32
8 11
361 62
868 567
635 148
201 799
461 242
628 217
132 472
827 508
733 580
193 54
7 788
881 254
258 522
830 809
431 215
924 240
630 184
325 905
313 204
25 286
25 103
63 153
415 77
356 547
455 157
909 151
297 670
155 351
20 14
716 138
3 129
201 90
566 138
207 159
858 132
33 11
736 602
373 232
770 141
96 709
665 426
935 978
227 994
656 585
447 185
6 36
7 53
463 800
425 486
251 260
330 48
861 880
135 615
691 841
404 759
